%YAML:1.0
---
model_type: PINHOLE
camera_name: camera
image_width: 640
image_height: 480
distortion_parameters:
   k1: 0.0
   k2: 0.0
   p1: 0.0
   p2: 0.0
projection_parameters:
   fx: 386.8868103027344
   fy: 386.8868103027344
   cx: 315.1125793457031
   cy: 241.17628479003906
